Some((
    red: 0.73333335,
    green: 0.73333335,
    blue: 0.73333335,
))